                1024	            0.012671
               11264	            0.012784
               21504	            0.012698
               31744	            0.012727
               41984	            0.023801
               52224	            0.059654
               62464	            0.057767
               72704	            0.023518
               82944	            0.057965
               93184	            0.060183
              103424	            0.025517
              113664	            0.060144
              123904	            0.032519
              134144	            0.058675
              144384	            0.059035
              154624	            0.059015
              164864	            0.061649
              175104	            0.067063
              185344	            0.068980
              195584	            0.063865
              216064	            0.077600
              226304	            0.080113
              236544	            0.073445
              246784	            0.092666
              257024	            0.077260
              267264	            0.068126
              277504	            0.067941
              287744	            0.094590
              297984	            0.079547
              308224	            0.113005
              318464	            0.121311
              328704	            0.136647
              338944	            0.123964
              349184	            0.143621
              359424	            0.142029
              369664	            0.149080
              379904	            0.123859
              390144	            0.124292
              400384	            0.127085
              410624	            0.141646
              420864	            0.142315
              431104	            0.129973
              441344	            0.158999
              451584	            0.139280
              461824	            0.130626
              472064	            0.127258
              482304	            0.155178
              492544	            0.142314
              502784	            0.124808
              513024	            0.137000
              523264	            0.163761
              533504	            0.136879
              543744	            0.163748
              553984	            0.163572
              564224	            0.138017
              574464	            0.164036
              584704	            0.145341
              594944	            0.124491
              605184	            0.153258
              615424	            0.161622
              625664	            0.136240
              635904	            0.139731
              646144	            0.154595
              656384	            0.163703
              666624	            0.147863
              676864	            0.161744
              687104	            0.162802
              697344	            0.131491
              707584	            0.125465
              717824	            0.126899
              728064	            0.163433
              738304	            0.163663
              748544	            0.163937
              758784	            0.163351
              769024	            0.163577
              779264	            0.166717
              789504	            0.167741
              799744	            0.124566
              809984	            0.163842
              820224	            0.134244
              830464	            0.124593
              840704	            0.162156
              850944	            0.163999
              861184	            0.128891
              871424	            0.141416
              881664	            0.163438
              902144	            0.163679
              912384	            0.143687
              922624	            0.129216
              932864	            0.163700
              943104	            0.163558
              953344	            0.125620
              963584	            0.135448
              973824	            0.164042
              984064	            0.124040
              994304	            0.163745
             1004544	            0.163668
             1014784	            0.164040
             1025024	            0.163623
             1035264	            0.163651
             1045504	            0.164055
             1055744	            0.164138
             1065984	            0.132275
             1076224	            0.124435
             1086464	            0.147694
             1096704	            0.163876
             1106944	            0.163718
             1117184	            0.164021
             1127424	            0.164036
             1137664	            0.163552
             1147904	            0.156513
             1158144	            0.161122
             1168384	            0.163532
             1178624	            0.163327
             1188864	            0.126925
             1199104	            0.163365
             1209344	            0.162280
             1219584	            0.162622
             1229824	            0.164249
             1240064	            0.163986
             1250304	            0.162889
             1260544	            0.163785
             1270784	            0.163776
             1281024	            0.127957
             1291264	            0.164264
             1301504	            0.164119
             1311744	            0.164631
             1321984	            0.162022
             1332224	            0.164006
             1342464	            0.165712
             1352704	            0.163559
             1362944	            0.163996
             1373184	            0.166208
             1383424	            0.157609
             1393664	            0.124465
             1403904	            0.138004
             1414144	            0.163927
             1424384	            0.163890
             1434624	            0.163470
             1444864	            0.163783
             1455104	            0.163979
             1465344	            0.162791
             1475584	            0.163919
             1485824	            0.125994
             1496064	            0.164203
             1506304	            0.155351
             1516544	            0.128947
             1526784	            0.163787
             1537024	            0.166246
             1547264	            0.149093
             1557504	            0.162523
             1567744	            0.164914
             1588224	            0.164660
             1598464	            0.163062
             1608704	            0.154148
             1618944	            0.164382
             1629184	            0.164339
             1639424	            0.131645
             1649664	            0.159128
             1659904	            0.164370
             1670144	            0.129715
             1680384	            0.164774
             1690624	            0.164856
             1700864	            0.164683
             1711104	            0.165274
             1721344	            0.165431
             1731584	            0.163680
             1741824	            0.165732
             1752064	            0.150040
             1762304	            0.127350
             1772544	            0.166605
             1782784	            0.166876
             1793024	            0.168811
             1803264	            0.173796
             1813504	            0.169434
             1823744	            0.172524
             1833984	            0.170852
             1844224	            0.169855
             1854464	            0.170248
             1864704	            0.169903
             1874944	            0.149014
             1885184	            0.268944
             1895424	            0.193626
             1905664	            0.170355
             1915904	            0.176513
             1926144	            0.174497
             1936384	            0.173182
             1946624	            0.185409
             1956864	            0.172672
             1967104	            0.154776
             1977344	            0.176158
             1987584	            0.175412
             1997824	            0.174848
             2008064	            0.174067
             2018304	            0.175523
             2028544	            0.178513
             2038784	            0.175644
             2049024	            0.178242
             2059264	            0.183404
             2069504	            0.176071
             2079744	            0.138577
             2089984	            0.164714
             2100224	            0.182347
             2110464	            0.182728
             2120704	            0.186730
             2130944	            0.177333
             2141184	            0.182473
             2151424	            0.184145
             2161664	            0.184719
             2171904	            0.146227
             2182144	            0.185473
             2192384	            0.180316
             2202624	            0.155001
             2212864	            0.187188
             2223104	            0.191241
             2233344	            0.184883
             2243584	            0.179616
             2253824	            0.196670
             2274304	            0.190210
             2284544	            0.185555
             2294784	            0.182620
             2305024	            0.197060
             2315264	            0.192709
             2325504	            0.164924
             2335744	            0.188089
             2345984	            0.198136
             2356224	            0.152485
             2366464	            0.199329
             2376704	            0.199945
             2386944	            0.202523
             2397184	            0.209194
             2407424	            0.200507
             2417664	            0.201715
             2427904	            0.206397
             2438144	            0.185047
             2448384	            0.151362
             2458624	            0.199974
             2468864	            0.209443
             2479104	            0.210092
             2489344	            0.203744
             2499584	            0.213713
             2509824	            0.206436
             2520064	            0.209000
             2530304	            0.224568
             2540544	            0.221582
             2550784	            0.214761
             2561024	            0.191066
             2571264	            0.216245
             2581504	            0.228960
             2591744	            0.216447
             2601984	            0.230171
             2612224	            0.229715
             2622464	            0.219368
             2632704	            0.232045
             2642944	            0.226176
             2653184	            0.190164
             2663424	            0.221138
             2673664	            0.232702
             2683904	            0.224163
             2694144	            0.224863
             2704384	            0.228459
             2714624	            0.249179
             2724864	            0.232066
             2735104	            0.238796
             2745344	            0.241012
             2755584	            0.233050
             2765824	            0.191206
             2776064	            0.226401
             2786304	            0.260441
             2796544	            0.255760
             2806784	            0.260597
             2817024	            0.255209
             2827264	            0.264908
             2837504	            0.269668
             2847744	            0.269794
             2857984	            0.200766
             2868224	            0.254702
             2878464	            0.243606
             2888704	            0.199611
             2898944	            0.249360
             2909184	            0.273002
             2919424	            0.241435
             2929664	            0.241281
             2939904	            0.253149
             2960384	            0.261426
             2970624	            0.259604
             2980864	            0.244455
             2991104	            0.284092
             3001344	            0.261076
             3011584	            0.210055
             3021824	            0.245627
             3032064	            0.266357
             3042304	            0.202813
             3052544	            0.286358
             3062784	            0.290578
             3073024	            0.297261
             3083264	            0.281631
             3093504	            0.285250
             3103744	            0.291310
             3113984	            0.292667
             3124224	            0.253220
             3134464	            0.212915
             3144704	            0.254754
             3154944	            0.283962
             3165184	            0.295037
             3175424	            0.265399
             3185664	            0.354168
             3195904	            0.394000
             3206144	            0.275189
             3216384	            0.314262
             3226624	            0.319563
             3236864	            0.280231
             3247104	            0.264318
             3257344	            0.279714
             3267584	            0.327850
             3277824	            0.277707
             3288064	            0.334687
             3298304	            0.348725
             3308544	            0.283360
             3318784	            0.339922
             3329024	            0.305549
             3339264	            0.263491
             3349504	            0.299441
             3359744	            0.345758
             3369984	            0.297675
             3380224	            0.319184
             3390464	            0.313067
             3400704	            0.350116
             3410944	            0.318821
             3421184	            0.340805
             3431424	            0.342931
             3441664	            0.298346
             3451904	            0.373021
             3462144	            0.379686
             3472384	            0.591339
             3482624	            0.529747
             3492864	            0.380920
             3503104	            0.512576
             3513344	            0.554592
             3523584	            0.586151
             3533824	            0.537603
             3544064	            0.418851
             3554304	            0.542006
             3564544	            0.436885
             3574784	            0.449072
             3585024	            0.555680
             3595264	            0.581747
             3605504	            0.500972
             3615744	            0.470653
             3625984	            0.550594
             3646464	            0.548134
             3656704	            0.494314
             3666944	            0.458151
             3677184	            0.427992
             3687424	            0.392986
             3697664	            0.298584
             3707904	            0.339071
             3718144	            0.399678
             3728384	            0.300597
             3738624	            0.485194
             3748864	            0.465087
             3759104	            0.650631
             3769344	            0.514922
             3779584	            0.603796
             3789824	            0.470699
             3800064	            0.462115
             3810304	            0.344466
             3820544	            0.302713
             3830784	            0.355347
             3841024	            0.454950
             3851264	            0.451192
             3861504	            0.392129
             3871744	            0.495297
             3881984	            0.414006
             3892224	            0.372950
             3902464	            0.400079
             3912704	            0.593555
             3922944	            0.413100
             3933184	            0.478845
             3943424	            0.410621
             3953664	            0.593171
             3963904	            0.391910
             3974144	            0.577040
             3984384	            0.604804
             3994624	            0.402485
             4004864	            0.583559
             4015104	            0.430478
             4025344	            0.461234
             4035584	            0.441925
             4045824	            0.545338
             4056064	            0.403894
             4066304	            0.398116
             4076544	            0.443105
             4086784	            0.536727
             4097024	            0.431554
             4107264	            0.490834
             4117504	            0.512921
             4127744	            0.393312
             4137984	            0.330869
             4148224	            0.387402
             4158464	            0.542010
             4168704	            0.545522
             4178944	            0.546440
             4189184	            0.539995
             4199424	            0.548073
             4209664	            0.555993
             4219904	            0.555481
             4230144	            0.328839
             4240384	            0.506904
             4250624	            0.399688
             4260864	            0.370663
             4271104	            0.485884
             4281344	            0.573210
             4291584	            0.399444
             4301824	            0.419678
             4312064	            0.508744
             4332544	            0.518218
             4342784	            0.420212
             4353024	            0.401149
             4363264	            0.579833
             4373504	            0.500981
             4383744	            0.381692
             4393984	            0.414344
             4404224	            0.575684
             4414464	            0.506136
             4424704	            0.635210
             4434944	            0.611967
             4445184	            0.634301
             4455424	            0.623609
             4465664	            0.616426
             4475904	            0.609938
             4486144	            0.629495
             4496384	            0.414799
             4506624	            0.470434
             4516864	            0.438036
             4527104	            0.614430
             4537344	            0.580304
             4547584	            0.506367
             4557824	            0.638130
             4568064	            0.545654
             4578304	            0.473014
             4588544	            0.469040
             4598784	            0.650344
             4609024	            0.524372
             4619264	            0.419708
             4629504	            0.525352
             4639744	            0.640741
             4649984	            0.493683
             4660224	            0.658143
             4670464	            0.632302
             4680704	            0.488526
             4690944	            0.640674
             4701184	            0.521980
             4711424	            0.440548
             4721664	            0.542586
             4731904	            0.669470
             4742144	            0.498120
             4752384	            0.488837
             4762624	            0.577737
             4772864	            0.648967
             4783104	            0.527384
             4793344	            0.667240
             4803584	            0.637267
             4813824	            0.469077
             4824064	            0.493706
             4834304	            0.445566
             4844544	            0.636863
             4854784	            0.641096
             4865024	            0.642914
             4875264	            0.643863
             4885504	            0.653284
             4895744	            0.642753
             4905984	            0.641394
             4916224	            0.405584
             4926464	            0.628378
             4936704	            0.463729
             4946944	            0.432626
             4957184	            0.592161
             4967424	            0.672959
             4977664	            0.455946
             4987904	            0.487363
             4998144	            0.616134
             5018624	            0.642520
             5028864	            0.498142
             5039104	            0.468062
             5049344	            0.682812
             5059584	            0.653943
             5069824	            0.525756
             5080064	            0.480847
             5090304	            0.741685
             5100544	            0.557716
             5110784	            0.676183
             5121024	            0.653095
             5131264	            0.656712
             5141504	            0.661719
             5151744	            0.670504
             5161984	            0.670975
             5172224	            0.656253
             5182464	            0.476349
             5192704	            0.503024
             5202944	            0.515628
             5213184	            0.665335
             5223424	            0.666722
             5233664	            0.590936
